915
1653
2217
1266
649
1713
1393
2155
1513
1197
333
1881
918
867
1176
249
1520
103
1581
928
253
767
449
881
1028
624
526
634
242
461
1826
1175
711
592
358
501
552
73
516
525
467
977
393
307
200
1326
7
1537
533
464
818
412
788
799
111
562
353
326
380
142
14
233
448
425
290
332
622
768
143
267
730
320
123
147
295
329
933
1165
534
310
278
322
307
419
713
185
363
347
260
316
262
120
68
679
189
1225
539
561
294
2816
2091
440
1171
956
1320
2421
2018
1052
1609
460
309
530
1252
81
325
26
318
710
164
148
155
386
806
342
262
656
166
186
555
306
225
294
741
817
496
26
525
568
342
236
1543
271
158
568
2
475
532
207
197
154
569
93
669
239
272
241
391
122
7
111
160
168
182
670
563
155
71
1419
319
950
85
710
165
218
236
129
388
129
73
151
184
375
34
210
177
286
173
539
36
1362
60
366
342
54
665
505
194
782
1349
550
601
490
303
227
594
337
457
2917
294
1003
1196
523
1182
128
257
25
55
2224
385
348
290
82
182
129
676
51
71
139
144
182
86
547
80
142
143
222
117
2021
693
97
222
2
27
44
157
74
91
226
61
42
181
224
279
140
106
1086
195
269
127
335
142
171
75
1135
1350
42
65
182
87
95
176
3
14
161
152
113
89
83
172
6
153
52
143
72
41
114
1707
20
46
81
17
57
75
75
710
1014
873
1279
689
551
364
1010
430
142
954
1015
108
153
78
240
292
456
270
158
281
292
200
266
402
758
180
328
182
156
108
768
218
445
127
247
350
105
141
161
377
106
171
5
324
288
206
748
193
395
166
559
183
232
74
320
146
9
107
85
171
189
285
435
94
54
94
248
275
97
160
105
118
84
39
183
345
288
124
109
160
84
33
197
89
105
126
26
85
56
236
370
89
116
148
126
1122
1040
321
205
116
153
68
180
2298
266
134
2521
132
2487
162
72
81
4167
2174
272
46
256
82
61
44
397
16
128
88
117
61
61
58
41
64
213
203
704
22
22
145
25
1259
21
356
72
744
115
72
102
14
104
396
1061
63
1318
2123
1106
97
31
86
67
26
45
1102
47
701
5
1266
8
295
83
2
28
58
323
1500
98
125
58
38
56
284
74
81
24
1285
36
16
9
47
45
11
20
24
1309
780
591
780
933
96
310
184
539
257
86
489
44
164
276
69
741
29
86
201
217
770
184
192
202
29
107
230
564
193
261
339
34
221
589
387
244
50
360
71
21
5
7
754
212
54
216
102
150
498
288
94
27
256
112
9
37
140
152
195
117
23
117
54
63
57
31
60
34
203
202
23
54
76
444
276
68
183
118
57
130
130
108
122
140
14
32
29
202
132
40
335
41
77
373
291
299
329
415
402
291
493
294
299
593
273
403
209
248
709
175
434
253
632
338
286
302
320
277
138
267
250
534
223
286
263
206
317
205
508
24
214
279
200
4
309
483
287
120
282
92
167
64
293
162
62
203
53
11
163
248
131
434
289
49
199
75
30
90
84
31
88
165
240
26
43
202
464
204
208
188
95
16
113
136
144
175
180
153
68
25
133
136
96
60
51
166
438
296
572
533
274
43
1266
464
166
224
152
173
305
202
51
9
413
407
193
223
213
768
159
62
163
92
156
249
174
107
128
195
213
327
242
45
92
134
88
1
68
112
171
716
136
207
94
44
159
66
29
260
110
3
103
191
160
82
232
141
107
37
56
54
114
36
118
342
126
27
23
142
122
221
108
124
147
52
30
353
70
144
57
22
31
25
160
145
32
82
21
65
2394
258
205
329
78
146
216
28
97
24
118
1007
91
112
51
169
643
86
124
478
49
168
248
599
54
148
123
431
212
108
231
614
73
110
13
50
83
134
1
287
516
75
127
42
105
42
83
203
94
12
91
16
2
66
56
23
26
358
469
57
3
4
126
136
22
46
143
127
9
270
609
59
47
67
72
256
3
27
27
170
50
177
25
6
6
49
107
13
709
587
46
198
246
329
117
179
205
56
122
49
156
801
94
36
73
101
413
72
203
343
51
117
101
410
74
130
87
283
67
69
172
354
77
52
27
54
198
99
0
50
497
58
52
54
171
56
24
81
64
53
140
30
5
57
34
86
47
168
389
81
33
11
84
126
15
95
78
104
13
219
270
47
67
44
61
125
10
28
91
40
35
143
26
3
13
52
60
19
610
425
70
394
321
40
275
208
113
177
105
170
371
252
38
7
430
156
180
656
128
155
147
147
285
249
512
178
185
120
211
87
144
204
177
29
142
90
278
1
135
200
161
46
78
196
83
433
117
378
83
91
93
3
118
93
219
94
121
143
201
36
72
81
81
58
130
109
100
27
15
103
130
73
35
75
283
35
47
55
66
95
125
47
9
47
125
133
47
48
93
71
164
6
141
728
27
131
4
26
148
50
5
2
865
151
145
217
180
36
111
9
99
111
95
636
68
146
153
50
266
116
96
74
80
27
28
0
3
51
130
45
137
147
43
544
123
163
19
254
122
1
30
127
66
52
65
15
94
24
20
41
166
59
258
71
70
6
25
99
76
5
27
95
154
3
14
47
90
74
118
7
8
17
54
70
47
116
0
48
144
161
176
104
206
87
1185
467
116
65
100
115
152
176
141
165
60
98
131
76
155
143
153
126
105
95
115
104
147
101
16
126
110
101
0
94
114
113
65
122
129
62
43
110
142
83
148
71
10
16
150
72
64
101
162
78
45
91
37
43
91
31
136
97
58
1106
94
137
82
71
111
65
17
46
69
66
60
93
9
12
59
73
57
1170
26
39
214
49
693
2232
355
2225
119
37
7
36
3607
274
37
183
29
60
29
631
20
19
36
206
47
30
57
29
51
10
54
27
539
247
109
12
0
5
13
26
15
29
34
21
15
24
41
1613
9
7
2123
1060
75
14
31
104
27
14
1084
5
5
15
7
7
27
48
2
25
19
26
58
120
36
63
1
147
13
32
31
14
4
57
0
9
4
39
11
4
111
406
167
160
152
110
125
137
160
20
168
83
210
141
119
844
169
67
44
195
158
99
135
86
158
65
227
329
119
12
83
92
57
1
41
144
151
749
110
60
71
55
103
120
13
95
69
2
24
128
88
87
87
5
81
31
38
22
52
13
82
74
101
17
7
49
78
46
58
112
55
10
35
53
64
82
117
11
15
10
40
36
41
18
27
127
70
95
65
85
80
84
35
635
146
95
177
108
89
56
672
116
61
98
118
688
67
305
50
170
73
72
122
554
147
77
127
18
95
38
98
39
96
297
61
538
71
108
79
75
36
4
52
99
44
61
94
116
50
43
37
37
37
21
158
49
47
80
14
42
73
32
20
42
91
27
59
35
49
39
57
12
20
20
40
51
23
58
25
93
99
4540
104
79
89
132
2154
38
19
91
82
50
42
54
10
94
153
81
48
52
24
24
42
33
47
53
8
105
76
7
1
3
23
70
25
70
37
61
15
67
56
1061
38
17
2122
1060
59
44
40
6
19
50
1105
6
3
8
12
8
56
72
6
4
17
48
73
41
53
15
32
71
61
44
49
40
10
6
12
17
26
19
10
9
16
82
181
118
107
31
81
152
50
290
155
90
74
172
81
54
199
237
83
220
51
185
44
55
112
96
12
120
146
104
0
174
31
122
47
163
56
569
58
172
84
14
62
61
4
33
285
59
173
25
2
167
37
14
46
40
11
34
94
217
32
11
45
122
53
88
98
67
502
26
84
92
122
45
54
10
15
33
41
33
7
16
58
94
70
51
130
2148
26
24
74
70
45
35
53
5
45
75
67
45
46
22
7
25
27
40
37
4
104
56
6
1
3
20
49
22
58
27
49
12
56
44
1057
29
15
2122
1057
40
39
31
4
17
46
1101
3
4
7
11
6
50
63
5
4
16
36
59
42
45
14
34
76
33
38
46
34
7
4
8
16
17
12
5
8
9
186
84
31
52
108
120
279
93
113
54
95
61
70
146
273
88
128
58
81
57
94
92
57
14
23
1684
52
1
38
57
93
42
129
38
129
20
92
42
72
41
24
7
17
127
60
95
20
20
107
63
18
44
44
22
11
76
111
7
1060
36
76
103
203
112
35
15
122
49
126
60
27
17
8
17
167
40
1103
33
51
67
153
28
15
94
270
83
152
113
40
82
156
338
131
163
65
160
60
114
108
56
97
55
30
35
107
155
1
105
247
55
32
66
153
73
22
83
65
7
66
50
2
21
36
50
44
48
135
154
22
22
58
30
117
16
68
72
37
342
236
39
30
31
51
144
17
23
35
209
56
138
9
10
21
30
59
41
63
116
370
11
4
79
89
107
131
75
53
136
14
39
130
112
58
102
56
39
36
111
60
66
34
33
61
7
0
9
119
54
33
105
34
76
701
113
35
2
86
39
7
11
48
57
74
23
8
91
29
7
12
6
19
6
53
83
6
30
33
96
13
61
67
77
714
758
34
61
55
59
12
1
33
57
64
15
23
8
46
2
28
9
57
15
12
25
348
5
29
47
19
19
21
16
12
20
143
126
637
7
4
19
6
1258
6
329
20
704
22
7
17
4
42
306
2
13
1279
2
19
27
4
16
5
2
6
12
2
665
1
1264
2
36
39
6
2
8
272
41
10
22
11
3
9
17
15
9
3
1263
3
3
3
5
13
3
2
7
193
6
37
18
31
4
578
10
11
36
21
20
27
4
9
34
3
24
8
537
148
48
10
0
1
5
15
10
13
27
13
17
6
14
1524
10
4
2108
1037
21
64
7
94
111
3
1076
3
4
5
11
0
16
69
0
2
10
34
44
78
7
33
1
69
14
17
63
9
2
25
0
1
1
6
6
1
73
130
131
93
70
64
123
89
62
101
104
102
57
99
1484
107
99
76
140
32
79
71
80
0
53
70
125
98
84
81
45
32
112
132
189
104
36
4
31
82
47
55
48
10
54
12
25
59
108
18
350
259
86
8
12
44
68
211
100
84
99
5
27
232
89
76
63
13
8
10
61
51
35
43
12
41
60
124
140
32
95
53
132
41
41
115
113
273
52
71
86
109
89
153
106
29
43
2
39
89
56
35
34
89
33
27
66
40
14
80
6
2
131
51
77
219
134
114
26
8
5
55
72
23
35
50
54
21
77
213
70
10
17
57
102
3
12
12
42
38
127
12
15
13
53
47
45
238
39
116
119
59
283
127
94
21
196
300
312
51
51
88
61
56
83
410
17
102
282
74
1
82
52
400
47
186
56
82
40
145
71
82
49
17
3
17
331
56
244
24
4
83
29
18
31
21
10
44
66
116
42
30
44
131
148
205
140
32
12
112
40
128
87
35
41
3
30
24
75
50
10
12
73
59
75
88
39
63
108
492
76
97
54
120
54
40
56
122
39
141
68
31
0
25
104
76
27
129
48
226
409
71
48
6
94
27
4
17
59
82
65
36
13
103
35
31
25
45
12
67
98
103
10
11
32
92
34
73
90
213
8
17
57
91
263
106
8
8
10
42
48
29
40
18
97
49
52
74
84
61
49
60
254
41
37
156
136
83
48
16
102
39
69
1
18
206
43
35
57
80
48
19
65
46
25
39
23
1
49
65
32
23
40
82
52
11
13
38
72
33
35
111
68
7
21
134
48
10
35
42
66
35
60
31
59
24
30
10
11
12
86
66
16
69
186
51
171
8
17
145
49
27
17
13
53
14
23
66
72
0
59
34
18
0
10
19
98
712
74
24
34
52
69
56
1
50
14
3
12
60
40
29
16
4
58
21
6
13
13
6
29
38
44
7
5
13
46
8
22
64
33
6
28
22
38
45
18
1
2
844
12
24
8
2
32
19
51
91
188
95
54
53
18
111
27
46
62
79
564
19
66
30
0
12
63
122
21
54
36
74
32
121
331
23
38
22
6
25
66
59
34
14
12
121
25
6
19
17
5
32
88
69
37
20
46
57
37
60
56
25
5
40
31
57
67
21
12
9
15
24
32
38
19
18
38
90
118
72
25
51
33
41
41
9
70
22
23
6
22
857
1
1700
159
44
11
32
132
21
10
62
34
0
17
5
1
10
86
93
17
10
170
147
4
1
49
43
33
2
21
24
1005
26
107
23
7
10
13
71
3
6
6
11
22
160
58
3
10
16
8
25
108
45
19
112
43
60
58
30
42
58
44
33
20
58
63
34
416
1
52
138
40
12
40
124
92
11
41
73
0
40
36
2
12
19
41
20
46
27
438
11
16
20
30
12
16
29
55
27
135
132
27
13
24
27
73
5
27
37
87
60
80
37
2
21
98
48
18
60
40
24
104
57
127
32
202
38
30
90
96
14
86
121
51
1
115
83
116
17
91
17
88
26
133
106
2
32
32
2
21
131
150
39
14
5
144
68
13
25
20
5
41
79
81
23
9
21
62
26
48
67
48
25
49
61
59
86
33
4
4
15
41
24
22
8
14
30
46
64
39
110
39
57
78
55
13
22
225
30
0
107
29
81
37
97
36
97
410
81
53
79
43
21
4
17
183
42
53
31
7
190
16
14
48
17
9
21
40
97
10
9
38
62
70
152
68
31
7
106
29
52
48
19
8
3
10
35
20
28
4
26
78
83
101
39
42
81
80
237
36
23
37
38
0
28
33
69
20
70
25
44
525
52
77
7
44
24
1
17
60
50
275
27
100
35
31
18
24
33
5
98
80
60
16
3
53
29
15
33
65
21
14
15
53
27
20
32
8
3
49
52
88
6
14
18
36
199
42
32
29
140
47
9
19
78
34
2
207
283
43
5
44
36
55
91
54
32
3
24
25
2
25
45
68
31
26
70
53
16
5
57
31
7
12
92
70
11
9
53
27
14
27
27
70
58
45
16
47
29
400
3
1
2
40
13
13
52
41
117
19
78
65
71
33
181
189
25
15
1
200
22
44
19
55
246
27
10
37
37
13
64
28
1
21
30
33
214
96
4
29
7
13
11
20
45
117
54
23
12
1
31
70
16
10
49
49
15
11
20
20
31
19
3
51
6
37
33
4
19
2
81
41
40
52
105
19
37
55
32
0
27
67
81
16
44
53
34
22
69
166
13
73
21
1
5
71
53
44
22
6
67
20
19
37
19
10
58
60
60
14
14
14
54
18
133
58
41
6
11
49
63
52
24
11
34
18
48
32
16
14
9
25
68
49
46
8
72
32
36
2
34
20
44
20
75
56
53
25
30
66
20
236
18
1
56
43
69
49
40
176
28
5
14
48
48
97
17
38
35
172
22
65
59
36
42
48
52
18
22
51
41
62
30
20
2
19
36
31
18
50
27
26
185
128
8
80
66
48
0
10
309
55
15
50
30
50
11
81
27
10
132
21
1
15
65
58
19
209
69
37
11
14
12
44
46
32
52
35
0
25
85
39
9
19
35
52
9
48
29
33
56
48
10
5
24
34
99
7
281
9
69
179
27
91
59
47
0
23
31
126
20
53
37
32
114
87
125
13
62
29
3
19
82
70
37
95
16
54
73
22
22
24
27
68
60
62
53
22
44
55
43
23
71
27
8
25
31
91
114
61
9
10
12
34
70
43
27
13
42
7
57
58
37
0
13
15
151
646
72
29
30
77
70
39
10
63
22
2
20
92
70
211
75
2
39
26
4
20
18
15
42
51
68
25
3
36
68
40
42
52
35
16
19
31
39
92
18
7
3
6
10
27
15
11
7
23
7
5
19
0
23
2
12
3
10
12
13
1
4
7
2
7
10
1
17
5
13
153
60
15
7
4
1294
19
16
4
6
2
0
0
5
34
16
0
4
0
41
35
17
4
2
12
64
11
1295
1
11
8
2
6
72
4
10
122
0
4
42
51
28
51
49
10
15
20
60
118
35
47
2
78
81
8
51
27
22
16
7
15
14
11
18
49
26
28
0
19
21
58
3
16
29
62
0
6
22
58
24
82
3
123
20
16
15
8
7
7
106
6
0
14
20
80
23
149
19
74
14
56
28
74
21
16
15
10
132
34
66
10
16
51
60
20
21
16
17
7
66
62
4
7
20
64
107
248
78
26
7
121
53
95
46
21
14
1
11
30
30
21
10
21
20
0
208
110
28
17
60
49
20
10
98
69
50
13
19
2
136
51
62
16
91
79
541
3
0
76
39
11
5
19
41
249
2
67
30
4
36
21
122
10
5
19
20
20
47
16
5
4
16
16
19
37
22
16
0
0
1
2
0
1
1
1
1
0
0
0
1258
0
0
0
0
0
2
0
0
0
0
3
0
1258
0
1
1
0
0
0
0
0
0
1
1
0
0
1
0
0
1
1258
0
0
0
2
0
0
0
0
173
42
8
27
89
22
4
22
34
0
3
0
1
10
111
81
6
23
96
134
29
1
34
11
34
4
7
9
774
22
40
26
9
22
10
30
4
6
3
10
19
127
56
1
12
15
7
36
82
13
13
37
9
21
52
102
10
38
30
3
26
38
0
25
29
43
14
24
60
130
14
2
28
32
36
5
69
32
105
54
37
22
13
14
23
127
60
13
36
18
23
87
3
1
7
28
14
13
295
9
93
53
148
27
43
27
138
59
10
69
26
4
19
113
47
48
7
4
53
43
10
37
27
10
29
90
65
16
8
48
120
37
75
65
36
10
18
34
64
62
28
12
3
29
25
33
27
3
30
30
38
10
25
8
27
25
2
7
6
1
23
29
23
12
10
4
10
5
4
8
9
1
14
17
37
4
8
19
23
35
11
46
11
2
4
19
32
18
2
7
14
6
8
15
28
6
10
21
36
93
23
77
39
7
52
26
0
36
50
36
53
37
1
70
15
37
92
39
15
19
67
72
9
5
30
56
30
84
90
22
21
22
144
72
60
10
16
5
13
37
45
10
7
12
39
24
49
45
42
22
62
4
5
17
21
21
14
30
343
28
7
16
17
95
15
33
17
27
60
19
19
27
2
10
46
41
4
18
13
19
140
71
4
4
14
84
7
3
93
12
38
13
72
9
1
56
18
0
9
50
36
37
24
14
112
36
12
30
22
9
11
30
32
10
5
15
44
27
70
74
20
527
14
44
82
237
27
15
5
13
43
17
7
12
4
28
24
16
3
18
30
1
12
43
11
26
9
6
17
2
3
8
9
2
6
29
22
3
4
9
22
6
13
21
9
688
687
3
19
28
8
1
4
2
1
8
4
5
7
13
54
5
45
34
5
29
77
87
41
21
7
94
17
6
33
33
25
24
34
57
40
20
67
75
77
89
39
61
8
11
40
72
40
26
8
3
12
58
21
10
19
13
22
9
23
40
0
35
49
15
12
30
29
45
4
7
25
15
10
32
25
22
24
6
29
22
19
27
21
24
7
27
16
33
23
14
10
6
18
14
54
19
7
28
24
4
3
1034
1081
7
55
154
11
133
4
2
4
4
13
3
8
5
44
0
0
3
10
11
100
6
4
1
87
14
7
12
5
2
54
0
2
1
0
2
0
72
24
0
17
34
84
43
60
13
26
11
25
23
28
5
39
36
48
21
4
83
39
39
19
43
36
5
15
46
26
45
16
6
6
5
26
52
4
28
10
21
0
13
43
19
46
25
23
40
5
7
7
7
1269
19
21
15
1
1
9
21
8
5
15
10
23
2
26
29
14
11
1259
0
6
20
13
7
5
4
11
1041
2
0
2
0
0
1
1076
1
0
0
1
0
2
1
0
0
2
1
9
4
3
0
0
1
2
1
3
0
1
2
0
0
0
1
0
0
0
14
58
21
5
7
10
0
1
34
11
7
4
10
8
4
8
48
17
22
7
21
24
2
19
7
12
18
14
122
1
2
5
9
6
35
6
10
120
124
19
6
58
110
18
21
10
10
23
43
117
15
2
15
90
53
48
79
31
8
16
47
57
33
18
6
46
7
16
33
13
8
15
22
46
47
11
72
23
6
17
19
8
33
22
46
13
4
47
39
50
14
51
53
13
22
21
99
43
69
1
5
5
50
51
6
26
8
67
36
131
53
14
13
16
27
4
8
44
91
1
7
15
59
27
31
41
26
17
25
25
38
23
32
5
20
9
26
25
17
9
6
34
101
18
2
16
22
48
12
32
14
9
2
2
43
9
14
16
30
70
2
1
41
42
67
19
2
8
16
27
112
4
32
1
41
20
1
1
10
150
14
101
57
5
163
5
22
1
3
2
4
49
0
1
3
11
12
59
0
15
12
108
77
7
94
201
13
19
13
16
18
4
15
42
46
9
7
17
38
22
28
49
47
9
14
51
44
49
25
4
7
5
27
29
17
17
15
20
2
3
4
4
6
24
39
5
15
9
18
4
40
27
11
3
32
9
18
18
5
0
0
16
9
2
8
1
0
21
24
12
15
6
12
4
0
1
7
9
39
13
15
8
53
3
113
7
6
5
2
1295
1
4
19
4
4
1
12
17
7
5
22
24
2
4
74
15
8
31
12
25
74
5
29
18
11
30
3
2
9
25
80
17
26
27
14
18
413
13
22
14
3
32
9
1
24
20
34
2
8
27
30
10
8
0
10
4
201
40
0
55
12
22
87
5
7
30
1
6
7
2
4
7
23
0
1
11
2
17
3
1261
5
3
8
15
1
5
4
6
15
17
0
1
15
17
5
5
23
35
1
5
20
7
14
38
0
2
22
20
89
5
19
2
41
36
12
5
16
46
204
25
82
29
4
27
217
33
38
24
2
6
12
63
23
9
8
20
31
14
8
59
37
19
32
40
35
5
19
22
42
92
31
5
7
21
73
21
17
13
53
41
4
6
8
13
5
9
15
1
17
5
13
7
117
1
1
1
26
0
5
85
24
13
34
27
3
1
5
6
2
0
70
5
2
4
1
1
1
3
3
1107
8
10
194
37
14
31
31
11
1
5
29
23
20
17
7
3
1
37
16
23
32
120
9
30
27
88
36
6
10
21
46
40
9
5
42
5
18
28
31
12
13
25
74
46
10
3
19
216
55
13
10
6
3
12
4
9
33
1
11
8
38
23
8
127
132
60
17
17
13
22
7
46
11
7
11
17
17
33
2
32
31
36
64
16
30
7
7
13
63
14
5
20
29
36
6
17
25
45
163
3
32
14
20
30
22
40
4
13
691
63
3
3
39
1
0
1
1
3
2
0
0
8
11
21
8
12
7
3
0
33
3
6
17
5
12
23
24
13
8
2
8
45
32
11
9
3
16
24
53
8
8
12
26
25
28
13
8
38
17
5
8
5
22
13
11
14
11
14
13
2
25
14
15
12
84
12
91
0
2
36
4
11
7
2
7
1
4
5
0
1
1
0
5
2
1
16
4
16
24
7
9
18
12
7
21
1
34
4
2
108
81
10
7
