4964
8733
1429
8804
4890
8210
5939
7278
5516
4357
3683
3679
3744
4311
4425
3615
3517
4708
5598
1343
839
2983
916
2745
2304
2688
2872
2086
3411
2854
3324
2289
2458
2154
1944
1142
2945
1551
2225
820
1687
1529
1876
1555
2062
2090
1587
2557
2200
1254
2360
2162
3927
2074
3936
2572
2058
1644
2179
1442
1509
252
3069
1904
1428
1754
1220
3109
3953
1748
1826
1738
3105
2008
1230
159
1747
603
785
1476
2566
1269
994
1993
2051
562
364
1617
1346
1737
1869
2885
2447
1379
1884
953
1050
608
1405
4326
1197
3603
1440
2318
2953
520
1179
1878
740
2960
1398
1493
1367
1662
1169
1030
696
373
399
1264
602
2287
1303
1522
1060
510
1570
839
526
740
1028
1610
1478
984
1937
711
1087
326
211
919
1163
1221
680
361
712
877
795
522
732
796
110
513
151
241
951
560
719
820
728
115
656
1134
903
541
867
574
324
813
776
259
209
623
437
102
902
397
342
1337
732
553
672
532
530
149
143
516
877
326
360
147
1947
521
491
252
384
360
498
1779
1433
3108
1330
3037
1305
1445
1355
3580
2667
1645
2501
1939
2041
1693
866
1415
1008
1916
931
3011
920
2069
1088
603
1920
1415
805
1161
1227
923
591
989
587
2230
767
783
564
158
1893
1589
514
1186
376
1216
257
801
416
432
1292
837
208
884
682
400
270
272
445
1311
421
218
1026
568
687
402
391
1344
782
600
118
426
321
354
355
978
420
258
739
552
511
814
461
396
324
106
622
373
354
665
298
789
698
255
261
220
268
399
2097
707
3008
969
3226
2356
1744
283
599
692
470
276
292
1615
603
1955
332
127
598
73
1438
382
998
1183
396
661
697
771
247
386
694
343
1085
864
189
320
97
389
210
210
474
318
378
302
463
356
263
225
351
774
616
818
431
954
933
1001
710
108
57
136
173
377
208
166
152
755
194
217
370
868
361
102
29
97
181
152
461
195
153
382
299
325
524
250
195
401
137
274
325
142
137
201
96
308
209
125
1331
2307
1110
1788
1653
1797
634
749
1768
634
681
517
1245
924
1522
756
358
1768
301
736
1364
1656
1357
790
592
400
479
470
1090
787
409
1167
580
649
538
311
1095
890
662
1551
1323
601
994
595
423
1136
406
359
567
1392
379
487
1409
442
935
1485
359
133
139
598
602
261
341
353
552
351
348
122
460
395
267
324
515
158
146
390
424
194
800
571
258
345
56
481
948
146
875
268
168
220
582
108
159
166
287
1480
1235
1172
658
949
759
1089
1144
1153
2314
952
1301
719
287
466
12460
594
723
1025
671
302
387
632
1031
861
981
1037
304
681
475
118
92
818
745
1533
96
1013
485
208
392
588
1981
386
618
827
323
844
92
394
117
151
155
163
150
367
355
1293
153
635
950
371
976
576
692
533
623
53
718
96
683
193
461
2400
1400
286
353
1012
403
240
388
793
117
411
188
1000
822
126
188
459
216
84
231
677
502
1287
625
856
1150
159
529
489
1175
1109
321
1773
569
1302
82
1156
539
116
865
343
1674
603
803
550
310
304
1174
360
515
379
2201
543
233
488
181
514
289
468
773
384
428
435
110
1066
407
244
422
64
1157
204
170
341
390
722
489
187
111
2456
387
737
345
211
306
326
308
237
539
760
193
129
133
482
91
1322
323
437
110
399
168
516
379
564
308
195
354
179
89
634
861
266
264
147
76
214
723
747
905
708
2179
1273
655
628
756
504
858
543
824
420
1102
464
1103
281
492
369
597
591
491
554
458
956
209
401
434
1268
324
761
248
317
376
665
348
347
741
282
295
363
149
471
415
213
231
280
202
231
739
127
716
597
219
105
464
952
610
319
578
635
491
184
207
550
332
137
267
363
169
100
349
252
478
222
669
356
177
81
550
312
548
146
698
191
316
307
62
193
90
245
4585
1595
2071
294
665
321
301
152
536
1693
1923
474
194
382
1938
234
183
243
1065
338
163
558
879
115
129
615
210
113
1019
1933
598
123
91
372
253
452
400
1305
137
446
202
169
212
200
462
110
482
1519
267
290
283
446
111
88
125
214
233
275
140
379
96
166
66
215
61
1980
104
113
98
151
46
636
325
98
89
651
200
189
133
195
665
96
301
239
37
98
131
24
223
37
73
1138
472
336
1021
320
422
459
760
1063
1131
572
141
653
306
376
375
332
1000
315
253
204
1000
158
549
542
291
238
550
220
342
229
125
435
118
290
207
1108
164
310
178
214
174
434
211
218
566
870
230
311
394
432
139
125
105
164
186
190
153
380
265
235
196
40
212
268
66
83
212
118
47
124
446
81
107
622
167
155
21
160
482
83
567
144
91
77
126
83
322
233
136
584
1082
675
723
794
353
889
402
1138
504
483
666
458
350
526
434
398
572
450
469
300
819
374
366
443
418
281
370
658
167
241
337
608
393
491
431
319
240
336
198
449
457
169
176
226
417
776
689
468
488
229
103
121
300
436
319
249
228
174
321
427
66
259
176
400
190
245
130
145
306
433
158
338
184
287
301
28
225
471
207
109
138
64
530
195
105
157
96
186
532
486
2099
850
532
275
570
346
388
596
319
8993
290
1590
414
249
1249
905
808
311
869
216
185
420
153
82
2425
540
212
35
280
231
210
208
203
490
253
228
91
635
291
149
40
143
438
70
373
113
441
177
146
74
198
122
248
359
239
867
489
318
31
243
1956
461
67
409
78
116
362
162
523
289
150
211
187
8
286
171
142
204
115
103
179
767
36
55
86
262
618
756
1061
689
474
406
271
519
676
753
395
859
388
661
288
378
577
481
284
415
334
237
553
177
1200
263
412
224
113
421
653
278
424
226
497
298
344
148
289
413
103
93
154
156
239
186
411
254
399
187
186
529
350
284
324
305
104
259
201
479
192
127
187
270
559
211
109
296
312
280
129
126
245
244
35
288
183
285
120
94
260
136
119
868
111
65
243
633
677
516
542
853
494
695
630
653
266
777
717
506
379
328
427
379
646
440
474
250
333
768
627
660
444
226
111
360
347
1027
435
533
240
205
406
931
272
366
259
1084
171
230
279
637
127
285
251
155
118
296
251
248
298
259
228
437
220
55
208
166
252
179
776
265
67
287
273
319
142
247
236
181
36
376
213
490
530
149
186
163
142
75
137
96
242
1304
563
410
454
228
551
751
669
1643
534
1786
430
186
1488
450
795
277
654
579
213
525
95
107
454
536
212
99
334
473
194
324
216
639
243
812
196
925
338
147
110
503
156
320
591
223
420
308
147
156
546
269
315
296
256
88
337
443
93
702
174
310
261
539
148
154
220
428
566
140
327
333
96
36
413
219
335
176
159
151
828
79
64
138
87
347
764
967
471
252
433
1697
760
666
432
722
320
218
550
2154
725
119
1642
433
208
567
111
141
545
1158
262
66
346
882
182
306
266
351
351
415
164
355
612
122
159
210
142
133
131
218
261
373
162
120
631
318
522
268
227
124
420
212
80
683
161
361
260
314
221
279
635
227
320
326
222
144
259
30
173
243
869
101
128
149
589
85
67
116
82
943
847
349
144
758
656
426
393
280
421
106
352
216
754
430
672
273
338
651
728
72
46
331
386
264
31
728
298
675
315
338
728
173
504
79
318
296
404
75
635
118
77
176
101
234
850
141
86
705
144
270
396
629
88
281
253
2314
101
171
193
188
599
219
2373
701
201
338
114
195
246
66
16
164
263
132
100
222
837
182
105
248
115
2323
207
196
241
325
798
455
215
634
324
427
530
261
264
265
467
816
223
542
418
398
88
193
192
147
205
603
532
257
248
162
673
222
310
157
242
258
196
421
455
141
264
72
234
188
216
116
98
286
218
133
127
364
80
155
89
149
1009
152
66
90
739
108
103
146
153
151
138
117
213
440
122
118
130
152
234
73
59
174
87
35
102
45
173
691
491
419
524
317
332
259
259
251
308
281
301
963
186
698
154
267
214
318
358
350
246
50
277
227
166
167
634
253
592
150
88
367
277
234
64
374
315
133
364
336
346
127
181
131
187
210
193
415
538
300
382
108
137
88
138
119
126
178
121
143
244
148
90
64
719
196
33
42
1097
475
181
301
239
169
288
207
461
54
46
108
252
187
345
68
275
145
826
1059
328
198
142
656
167
452
373
137
218
823
61
202
166
139
369
156
367
328
592
75
120
162
96
116
135
182
238
173
597
229
158
491
207
84
27
78
161
172
170
132
79
678
146
51
86
63
219
55
97
82
37
67
185
142
84
93
214
142
231
16
230
250
131
111
206
57
66
61
20
132
40
75
87
564
319
610
626
152
233
407
250
490
619
303
210
170
402
62
100
672
336
234
41
284
261
316
356
218
247
164
224
85
406
251
42
92
54
244
159
670
91
332
233
191
155
281
136
222
198
198
117
156
103
13
128
162
130
47
175
61
26
85
179
181
237
194
171
51
14
119
342
515
199
115
176
137
71
48
96
74
143
362
708
284
353
185
148
275
316
636
259
975
159
388
245
182
30
338
492
356
30
780
294
92
230
233
1806
144
439
409
191
530
61
231
60
57
75
76
36
179
209
157
88
395
226
178
843
140
49
258
362
31
153
48
532
92
302
396
1358
181
267
427
233
120
257
382
12
283
72
161
131
61
115
343
74
28
84
609
332
213
257
360
216
184
254
517
383
387
259
385
295
301
256
217
271
274
207
78
198
421
140
437
275
182
267
254
249
352
331
92
259
240
250
134
784
142
331
205
139
106
361
253
915
332
208
108
324
205
55
155
160
228
179
208
79
106
147
162
130
282
1031
184
96
25
476
273
160
150
81
214
140
90
73
122
89
201
222
1521
92
107
1212
189
1181
170
574
147
121
324
22
49
2188
274
107
13
240
190
117
101
110
366
331
181
80
161
246
91
26
55
148
58
62
77
144
149
39
49
148
91
167
167
151
15
457
122
22
30
1869
470
40
146
51
113
162
122
291
123
91
125
215
11
103
90
99
63
57
57
151
56
37
37
59
247
541
359
173
242
852
318
201
240
241
126
170
225
195
497
309
118
103
277
584
208
315
152
121
360
176
188
223
563
80
151
113
110
99
401
90
238
219
103
79
211
946
228
151
101
103
431
270
118
307
139
77
98
365
109
203
212
153
154
173
113
234
74
25
134
117
491
84
52
68
76
92
21
86
70
108
1046
174
1302
500
389
162
264
458
237
362
133
84
612
229
140
52
216
217
188
223
153
193
473
410
140
208
347
86
99
200
111
183
409
104
906
261
97
87
171
183
201
322
100
46
521
572
78
295
178
504
155
242
84
106
187
172
169
200
81
92
82
66
238
102
476
51
180
67
165
81
79
68
112
316
291
286
231
156
167
345
196
343
129
775
1147
106
255
62
125
422
152
154
369
215
214
42
326
211
80
121
11
309
32
116
138
76
87
932
133
47
71
175
184
80
74
57
934
121
264
971
200
153
132
106
161
34
196
294
295
169
256
60
156
306
31
600
192
55
44
41
12
263
92
137
66
147
51
245
160
189
463
180
110
247
273
177
276
347
183
67
72
94
126
229
219
181
113
359
158
169
160
120
293
64
467
236
98
127
404
98
68
46
47
137
218
100
96
315
148
208
126
109
118
204
48
59
94
36
119
112
154
60
165
159
222
113
42
269
123
102
87
130
152
180
55
56
71
157
49
474
319
166
214
172
138
181
493
217
187
276
256
1437
338
222
388
183
175
182
172
152
89
244
181
174
209
132
122
232
171
99
119
150
196
117
270
192
157
116
128
124
196
170
63
256
147
104
1356
147
159
32
160
162
114
131
156
157
166
38
106
183
147
68
70
72
254
95
295
172
37
144
314
138
592
401
133
517
117
97
204
1002
169
90
214
365
113
277
92
386
350
436
128
305
258
318
248
346
129
274
194
225
184
269
133
82
332
636
233
215
175
872
223
149
130
94
127
207
206
269
74
74
257
186
356
165
81
137
113
25
159
137
991
72
79
135
223
737
220
72
61
975
184
474
228
92
329
80
74
339
273
137
44
228
187
159
166
145
471
326
261
108
951
317
212
48
243
909
69
435
82
455
255
116
95
217
141
252
178
154
53
214
120
37
293
163
153
200
420
79
90
132
1010
410
89
84
181
77
26
140
132
135
137
125
83
353
60
44
139
53
207
71
581
174
209
31
499
191
163
85
42
86
106
115
158
210
147
566
99
66
189
138
223
44
435
291
60
176
145
275
86
61
67
125
130
145
128
808
1227
209
57
266
89
144
200
49
215
29
202
277
77
35
71
1243
123
212
15
263
180
698
1679
224
104
75
61
39
55
29
123
165
368
240
186
71
302
175
151
40
247
391
116
176
80
145
329
159
224
244
294
39
87
106
93
127
95
116
103
270
109
88
361
147
331
107
98
28
478
384
157
626
59
140
99
159
65
133
191
155
156
271
58
70
225
23
265
101
153
28
50
39
190
66
33
49
48
189
111
238
159
425
132
408
139
54
500
184
476
234
184
209
928
150
68
199
237
71
69
59
120
304
291
60
293
186
108
262
442
188
197
133
673
165
448
105
44
264
404
441
137
144
74
106
79
129
121
77
1085
213
139
8
198
138
97
145
59
131
121
104
45
118
101
90
202
189
237
143
102
219
147
146
168
724
262
216
201
229
195
1816
77
146
163
265
108
151
332
84
95
112
66
38
40
128
185
101
99
107
184
147
378
132
151
73
127
26
103
71
152
1529
87
60
169
65
183
111
76
148
96
35
73
126
35
98
60
51
57
48
60
57
76
245
352
123
188
208
340
178
176
142
150
375
218
135
534
250
56
74
58
138
230
87
71
120
317
97
73
174
120
217
190
122
23
332
103
36
153
100
127
123
208
111
53
119
178
978
92
78
69
57
18
152
156
92
65
52
88
117
50
21
56
36
163
307
105
187
51
450
266
74
739
87
46
59
78
284
756
46
143
27
1220
118
59
104
367
85
114
42
17
64
63
178
38
75
124
195
60
204
141
70
94
58
65
243
15
67
119
145
142
451
45
127
98
219
63
53
53
30
6
8
190
65
208
16
11
14
101
114
17
221
221
59
229
78
71
47
41
101
53
49
143
18
39
185
250
125
99
49
169
41
12
60
61
64
58
38
207
227
55
51
939
92
100
28
20
43
16
98
211
30
46
76
250
163
34
12
151
112
50
381
43
8
72
79
19
59
18
19
227
230
24
204
168
112
218
171
190
212
158
66
352
197
156
62
124
74
48
377
60
133
157
208
61
202
130
184
173
383
17
220
185
25
98
1917
129
50
129
88
37
157
119
120
116
100
91
110
8
111
118
447
96
80
101
186
57
37
65
57
119
152
89
173
294
135
251
95
259
112
167
143
210
231
91
52
239
124
79
77
58
379
136
123
66
295
119
152
147
148
75
158
76
146
144
97
138
172
238
114
46
220
100
176
89
79
121
62
34
116
117
819
75
80
70
179
52
42
59
57
820
12
106
112
74
114
161
101
228
89
121
152
108
37
103
22
51
34
73
30
86
118
3500
40
127
82
191
89
85
8
86
141
12
31
53
158
28
124
419
73
68
75
97
50
52
67
37
93
93
74
41
41
20
56
128
66
31
55
29
149
181
44
331
44
19
34
20
46
8
46
38
7
26
27
40
1140
73
42
34
37
4
24
46
56
46
31
47
21
37
21
3
111
26
13
62
37
22
22
52
43
11
31
24
50
40
4
26
33
51
14
5
6
58
55
184
21
39
21
182
554
253
176
547
105
132
51
192
243
27
178
32
152
88
48
162
103
624
48
68
153
67
137
94
89
73
148
119
30
61
102
157
624
150
97
167
191
172
99
86
97
161
39
13
161
75
55
40
32
595
175
76
38
68
27
76
213
247
82
168
118
227
99
206
261
36
59
116
73
130
109
40
112
296
77
51
220
112
163
235
170
59
135
110
105
98
100
166
126
254
77
88
232
188
167
188
96
113
56
21
117
83
131
60
44
73
83
66
25
56
33
112
201
144
143
92
148
886
124
115
24
859
63
122
359
153
137
100
146
36
43
116
87
100
94
47
63
116
86
21
120
61
63
52
153
72
57
644
282
57
149
56
147
31
42
141
63
60
38
15
25
74
52
231
57
22
57
107
769
129
124
199
169
143
140
57
127
81
83
103
43
178
105
93
41
219
102
153
129
81
298
168
86
48
87
158
79
65
170
57
76
190
153
40
113
102
126
63
31
101
102
106
41
112
173
49
107
22
56
39
72
116
102
101
54
132
189
142
192
147
169
53
174
100
137
75
66
99
119
320
175
161
145
221
220
74
21
116
108
72
57
80
73
22
67
208
57
62
116
48
62
42
108
124
254
52
170
88
164
115
53
69
25
65
157
410
113
193
452
49
37
122
154
62
59
69
85
283
75
48
472
103
240
753
134
36
205
193
22
105
102
72
100
155
162
241
98
114
188
88
74
156
36
21
134
94
58
37
43
74
141
39
358
61
640
69
91
440
631
109
209
84
165
89
44
134
168
92
81
174
40
372
105
118
107
388
114
373
98
36
26
176
410
53
80
107
25
79
155
74
84
406
79
532
7
108
88
67
102
38
47
83
41
71
48
40
64
88
644
183
48
116
48
77
236
65
183
61
234
77
57
228
112
153
333
667
281
146
101
40
56
87
65
89
415
103
75
99
140
268
107
56
233
63
36
119
79
68
52
274
82
623
576
159
75
35
218
114
195
54
1217
102
46
53
52
58
48
51
76
27
250
57
96
58
25
127
74
86
17
81
47
57
13
59
128
68
65
72
55
103
19
58
125
8
65
61
32
30
33
22
34
50
56
1716
33
72
118
102
25
235
82
66
393
141
340
118
126
55
236
110
142
167
648
36
148
231
28
287
110
115
85
411
52
48
78
140
375
80
190
95
39
11
75
158
100
85
47
56
129
564
51
48
26
112
51
83
160
101
109
88
64
159
146
86
66
202
97
122
155
82
39
135
107
70
211
70
172
78
204
187
223
113
160
198
96
67
180
85
33
138
114
100
44
89
53
136
85
32
85
53
135
17
1823
146
7
188
83
82
58
22
17
360
139
62
44
98
48
98
57
17
20
63
107
89
48
26
7
39
47
17
27
131
46
37
11
50
161
35
127
127
49
40
20
5
40
13
57
32
53
65
129
87
95
53
55
35
134
281
36
72
65
258
48
64
7
117
34
28
23
39
77
11
76
27
17
46
24
60
104
5
54
17
51
12
155
13
36
41
36
22
12
35
142
73
306
100
63
50
7
22
401
141
72
62
489
15
194
125
11
43
49
55
56
58
16
8
79
57
46
81
81
128
129
4
64
62
81
63
83
55
52
39
11
51
28
59
48
89
77
264
55
35
22
103
86
207
261
48
210
70
67
51
33
106
66
39
55
29
49
60
862
52
57
180
42
123
11
82
340
39
158
89
26
36
28
19
65
30
35
122
218
101
109
19
57
265
89
96
70
50
29
83
62
8
145
44
29
49
92
200
16
111
68
38
68
206
66
29
2
102
51
38
17
45
21
51
57
38
89
73
63
48
824
53
43
85
97
177
86
68
129
55
90
59
12
432
79
21
67
303
17
29
62
54
258
52
146
56
179
12
46
306
451
75
138
57
56
50
19
73
28
28
72
43
15
32
115
78
82
475
49
37
56
99
11
200
38
53
39
34
18
16
27
35
90
300
93
702
76
13
42
88
30
71
63
25
32
34
58
59
37
52
91
76
85
135
193
118
54
116
91
115
285
383
287
128
58
92
316
45
49
145
63
260
105
370
126
49
12
138
298
92
210
91
119
169
36
17
52
45
85
95
31
253
119
169
200
107
32
168
164
17
62
57
77
111
185
86
25
117
91
133
53
69
88
52
9
58
105
86
22
40
586
73
76
14
54
36
89
31
80
68
175
73
58
4
53
43
5
20
35
117
12
92
408
29
37
53
80
24
45
54
35
89
40
59
27
29
6
47
38
61
22
37
19
71
42
35
93
37
28
7
47
41
10
162
56
75
62
54
23
38
37
132
24
33
22
117
31
7
40
34
22
40
38
26
71
17
5
35
28
34
158
149
221
109
57
143
163
73
112
65
74
108
178
128
40
124
141
133
74
362
228
76
12
119
94
254
50
61
58
88
151
28
69
78
105
86
106
183
78
85
63
80
114
52
23
57
177
72
32
83
156
66
88
126
130
131
23
103
74
184
54
62
225
192
78
49
75
22
61
142
89
52
112
132
51
80
88
125
81
129
98
43
87
116
87
82
762
157
67
13
444
114
100
60
454
67
171
59
17
55
20
90
99
40
171
99
29
79
38
110
76
295
52
42
72
151
106
54
85
172
65
11
60
75
54
76
46
57
71
86
28
47
589
232
90
73
64
110
32
61
74
137
101
42
29
116
60
131
45
384
68
57
13
63
128
171
88
170
154
320
554
13
31
22
68
60
22
20
11
135
38
25
35
13
58
74
52
23
20
323
67
59
11
252
110
686
755
294
10
24
659
8
7
14
33
116
99
274
64
547
74
90
47
53
386
86
119
83
89
91
63
17
136
45
253
59
82
56
90
29
43
49
32
96
267
122
117
387
35
91
70
47
220
373
78
148
41
181
29
8
84
97
75
26
355
73
71
32
262
48
61
142
6
12
13
16
54
8
2439
446
30
29
13
151
49
9
1
100
15
32
12
13
20
138
17
4
83
2264
9
12
40
82
262
62
12
61
72
597
81
35
149
113
12
65
33
26
98
24
18
30
51
19
49
49
83
131
57
47
23
17
68
88
54
54
81
98
20
7
40
87
49
57
50
49
30
28
48
174
54
23
67
101
64
145
88
45
159
28
89
115
45
4
50
52
21
51
64
41
156
35
15
41
45
120
94
53
12
41
87
62
60
53
43
11
12
49
61
59
34
30
41
62
39
35
70
42
49
63
37
77
189
390
86
88
157
155
44
147
91
70
80
58
170
67
287
40
39
34
92
9
54
63
170
27
20
39
64
38
46
44
40
29
33
45
37
27
16
36
19
121
130
45
50
22
136
58
5
10
129
58
70
24
5
5
112
29
11
17
2265
67
65
66
132
53
144
23
24
128
86
129
28
209
32
99
28
33
59
46
59
83
60
30
116
56
8
98
72
85
41
294
54
87
63
53
73
150
64
48
45
57
47
9
56
36
48
26
25
34
45
29
11
34
30
122
30
77
67
12
192
34
38
52
27
26
222
26
26
62
19
62
98
41
12
57
178
117
139
76
71
27
67
14
52
22
50
98
19
174
53
86
82
35
36
126
54
58
44
58
94
22
30
107
36
21
38
8
47
123
26
83
23
94
21
18
55
13
4
7
19
2
5
7
1
9
114
43
89
520
57
50
68
24
73
24
58
45
43
63
301
121
86
13
59
20
49
625
36
37
163
48
10
26
14
770
49
62
29
32
3
36
17
25
15
38
13
16
20
14
43
154
44
62
31
21
35
23
66
37
26
88
14
29
9
45
8
6
19
13
28
28
